MEAN EXECUTION TIME:

Human =  0.031521287128712855 s

Hurdles =  0.03754267326732675 s

ROS = 0.03206115841584164 s
