MEAN EXECUTION TIME:

Human =  0.03285938613861375 s

Hurdles =  0.027944831683168407 s

ROS = 0.03838074257425746 s
