MEAN EXECUTION TIME:

Human =  0.01821871000000007 s

Hurdles =  0.01214900999999994 s

Loop = 0.030947409999999956 s
